\
28559634
\
8777634
11851951
9053935
50887
108303
145287
8389
101921
2636
37888
14947
523235
7352205
5124
1885
4165
5245
9929
5067294
12795385
151035
1
1
547462
205391
338
2193
656
774877
1
64103
4
1
220939
407112
221
954
114
224
190
\
1292
882
365
602
5
184
229
41
261
158
1038623
176
429
59
1193
70
75
1
114
69
153
160
13
134
1185881
1
1452449
192140
2
1
1
1
1
1
2047467
14
5
1
1
5
\
938920
186367
2
1704
23
1
1
1884183
353252
79
119469
45626
7379
425866
6
54799
169409
3599715
119727410
13
56
37
2
6
15
15
606
1493549
1689134
2979696
85870526
113400
1696862
2107
572796
27011
40204
48212
32816
12926
\
75141
152945
17283
7453
24044
6707
725
1165
84094
5768
10636
8684
41284
19648
770
11100
3842
8
6135
77660697
1
2
1
1
1
1
1
1
1
1
1
1
145864
1532
458
4
2
13787
1
2
\
90
1
1
1
12
1
1
1
18
1
1
1
14
1
1
1
28
1
1
1
29
1
1
1
9
3
8184196
2657
1002044
67357844
50630973
4
2
1
1
615380
57200
12879275
52266892
9880
\
16181
5608
6233
1503
829
8025
2208
2008
2507
52773
1504
29852
1226
20863
8061
10618
19564
4408
7398
9274
168125
20616
5524
3904
519
742
19218
21013
904
19278
361
84
14921
13178
9514
10737
24222
6073
23982
6336
\
3597
17784
8496
6522
3024
19835
8405
21920
7661
8011
4620
6882
147
2990
3839
4701
31432
8963
5848
17187
9922
7346
20773
2715
2478
7524
5376
20623
14934
505
47583
17850
67766
18302
10375999
16061
2315
1681265
376
1999
\
261
15097
11581
1779
22010
5760
329
4113
1889
1722
7172
3613
5526
523
3309
519
21796
182
729
3
2541
5517
1816
467
2140
452
41637
1459
2944
670
461
89
387
106
1539
24745
1666
6089
1712
957
\
11840
172
995
11006
4129
1329
298
19872
2641
4744
7787
40
9824
176
5561
159
9674
885
7531
5936
278
8
543
232
965
175
621
404
143
21691
17
223
530
466
202
242
347
78
528
70
\
370
1599
202
625
1721
281
118
1042
326
232
57
578
1367
973
87
134
1015
849
6
293
22878
4554
5691
24
35511
3682
5453
3787
1916
4914
108628
62827
17414
12900
665
25770
45496
1785
2319
1978
\
1953
652
19
20385
2804
10787
59
6491
2507
1622
2051
4641
7013
5366
2561
4828
4604
2250
4318
8
1266
3355
4215
17686
14266
1497
1605
132
164
785
573
1966
350
2761
6963
473
33035
32268
952
469
\
426
703
276
995
1170
406
347
184
214
42
839
70
71
173
70
107
123
1696
431
737
317
409
1452
562
108
211
233
1179
229
798
104
11
338
1516
681
29
1183
303
292
1167
\
1314
1864
2405
1067
862
1260
51
260
17812
2639
469
2805
8173
184615
127795
150
460
591
260
92
168
125
402
30
132
244
33
26
36
342
86
269
138
315
111
1753
11334
21479
23090
40358
\
13427
7263
1200510
48541
8239
170166
159568
20389
697
6189
1918
1892
2480
1045
1986
388
3778
1225
51830
1261
5686
7500
4873
1980
18382963
94182
68
260
36
264
8
137
39
106
121
112
6
129
10
47
\
23
3
6
35
8
61
10
80
65
2280
255
1
596
959
1123854
16
1074313
4
847975
6307
189
1145
627
4728505
8167
1
1
2165619
2227929
2111697
1
4575
2095045
27197
156
26
1240
284
63
12039310
\
43454394
38698153
148798
17992
24232423
3406946
913293
124707
25618
249
24
125
349071
3184861
435144
132643
190785
338435
119
12
36
54
23
20
9
23
36
15
73
41
113
11
60
21
56
108
8
96
22
62430
\
6956471
988119
27635
132729
438593
1
34987
10
18
25
4
1
149
31
1040111
3455428
252361
1432
9191
7935
1331
4581
10127
7259
3028492
8
2
1160403
1
1078
3971902
143
36289464
16471068
27846
1
7
686191
296575
1
\
1
1
2485
1
1
2676090
11
2185482
1
1
685
236
1
1
1
1141
1
1
1
781
1
1
1
9
1
1
966
1
1
1
565
1
1
1
761
1
1
1
49
1
\
1
1
11398906
40241
12833
1472533
2171
10457
19167
1953515
3
1
1
1
1
1
1
1
1
1
1
424865
548579
13756
11646
360570
5861279
4939823
9622
1152499
2702
4770
7554
17324
6459
12504
47215
465
2678
1547
\
23273
1454
11534
5830
8800
9837
3859
3156
23241
3776
12000
5511
10812
10535
11989
477
543546
4415
69422
1196
57419
23343
14607
1236
23161
26291
26708
1619
1071027
18921
1600
19637
14911
19936
6813
7526
2484
25697
834
10179
\
8084
85148
1454
4155
10102
345624
23791
25749
15555
143825
1605221
6
2
3
2
5
3
3
22
41
15
1
2
6
18
3
7
6
3
6
8
17
4
9
19
8
16
3
705291
4
\
4
4
4
4
12
4
4
4
4
4
204
4
4
4
4
4
12
4
4
4
4
4
204
4
4
4
4
4
12
4
4
4
4
4
7371297
9111
12623
20759
7540
26226
\
19312
13459
1954
3343
3008
7378
5007
15929
447
6550
2296
2161
6120
387
10550
10641
8331
1916
4737
17844
12998
12311
2463
21967
26913
382
2878
10444
7720
3548
12896
47919
9665
18469
23737
29579
1133
2194
16278
7354
\
494
1101
98
1968
181
2419
22967
21794757
65591
23812
2263309
3991
10160
252233
10981
197
20009
10933
28281
3491
700354
356471
3994942
2468045
6
2
7
18
3
29
4
8
13
21
8
2
9
16
2
4
\
1
16
2
5
6
33806
71961
31590
2036
2270741
40096
18511
89
4
22
1084140
76088398
24842337
22083906
2
41913
4
521913
8276655
5083455
2957
10275
343
11146
753
5866
2894
9045
16212
22032
7475
46073
517
61
6911
\
1770
15120
22526
13110
1515
4033
1041
17
33
3376
9642
16563
12169640
4370848
187971
1
2
1544421
1
2195452
8736314
130438
781
23296540
25724122
42
512
338
12
112
127
13
59
311
93
75
98
97
24
1
\
46
15
52
52
189
313
1215023
133338
1
13836738
2090
62146
5826551
4852437
1
47825218
35493431
3992
914
9074769
2456701
39149661
10
1
5
1
57
1
3
1
24
7
1
151
1
7
1
31
1
59
\
1
5
1
71
1
7
1
183
148
1
13
274566
8450481
5349933
4067610
10553
270
692
1
85
1371625
40
6
1
1
54
4
711804
1843
100579
15612693
115
833917
23606453
2
1
2
12
1
1
\
1
1
1
1165768
1
1
1
1
1
1
1
1
1
1
1
1
1
1
1
1
1
1
1
1
1
1
1
1
1
1
1
1
1
1
1
920868
11877029
22013
4
15
\
5486
16
7
11491836
5421043
12703367
600582
12
192
2
5
156
4889166
2568
569382
3096237
204
16292685
19
10
160465
34774
481186
2939062
4057720
5063991
545323
6287461
19489361
1239951
1
1
1
2
1
1
2
1
1
1
\
1
1
1
1
1
1
2
1
1
1
2
1
1
1
1
1
1
1
2
3
2
2
1
146314
14251610
241946
4
4283613
15
21
7
14
6
4
2
4
2
8
5
21
\
4143
1
1
422
10
743
9
8726
2
1
3120207
624131
651
10
596
1
3296
1
1
44
1
1
1
2434
1
1
1
608
6
997
1
3811
7
163
2396
1
345
1
36
429491
\
5325545
87
55
40
14
204645
103
291230
982
3905828
283
3690181
5
2591
7
1
1
1
1
525
735
2
24422
3543448
2485208
23927937
3
57794
166
2
1
1
1
290
29
151
16
55
1481456
1
\
1
1
1
1
1
1
1
1
2
1
1
1
1
1
1
2
2
1
1
1
2
2
1
1
1
1
1
2
2
1
1
1
1
2
2
3
1
1
1
1
\
1
1
1
1
1
1
1
1
1
1
1
1
1
1
1
1
1
1
1
1
1
1
1
1
1
1
1
1
1
3
1
1
2
1
1
1
2
1
1
1
\
1
3
1
1
1
1
1
1
1
1
1
1
1
1
1
1
1
1
2
1
1
1
1
1
2
1
1
1
1
1
2
1
1
1
1
2
1
1
1
1
\
1
1
2
1
1
1
6
1
1
1
1
1
1
1
1
1
1
1
2
1
1
1
1
1
1
1
1
1
1
1
2
1
1
1
1
1
1
1
1
1
\
1
1
1
1
1
1
1
1
1
2
1
1
2
1
4
2
2
1
1
2
1
1
1
1
2
1
2
1
2
1
2
1
1
1
1
1
1
3
1
3
\
1
1
1
2
2
1
1
1
1
1
1
1
1
1
1
1
2
1
1
3
1
1
1
3
1
1
1
1
1
1
1
1
1
1
1
1
1
2
2
1
\
2
1
4
1
5
1
1
2
1
2
1
1
1
1
2
1
1
1
5
1
1
1
2
1
1
1
1
1
1
2
1
1
1
1
2
2
3
1
1
1
\
1
1
1
1
1
1
1
1
1
1
1
1
1
1
1
1
1
3
1
1
1
3
1
3
1
1
1
2
1
1
1
1
3
2
1
2
1
1
1
1
\
1
1
1
1
1
1
1
1
1
2
1
4
1
1
1
1
1
1
1
1
1
1
1
1
1
1
1
1
2
1
1
1
1
1
1
1
2
1
1
1
\
1
1
1
1
1
1
2
1
1
3
1
1
1
1
3
8
11
1
1
1
1
1
3
1
1
1
1
1
1
1
1
2
125819
14600
975208
2798447
624248
26433
16
598303
\
1
1
1
1
1
331
1
1
1
1
1
39477
39526
197813
82207
4
2
4
597107
26751
37
15
5
8
3
6
20
3
2
2
3
1
1
52
1
2
2
4
1
5
\
15
6
5
4
2
6
1
2
1
1
2
1
1
2
1
1
2
1
1
1
1
1
1
1
1
1
1
1
1
1
1
1
1
1
1
1
1
1
1
1
\
2
1
1
1
144951
1215692
3452970
632704
4582776
6473759
1276339
6472809
4
2010118
656186
2209210
1786838
832
203953
3
86277
79337
4
174
43
137
5734539
1217
4931
1223
12682
44
1213
5152776
1869766
3026357
3399739
548431
460
16661
\
4140
345645
3
2
2
1
16
1
1
1
6
25
1
2
1
3
2
3
11
2
22
9447
113
1
1
5
508
862
30
4
928
3999503
2428463
3257
6462
4566993
3726389
4811
262766
24484404
\
33727159
388
1368
12562
5841
3859
4598
301
355
6097
1670
10429
718
2781
1259
421
32287
4785
4573
1301
4766
5376
449
2579
7588
117034
64824242
11532498
7651
3092786
203
53
203
256
256
256
3396
256
1983
256
\
256
256
4660
256
442
96
427
256
53
203
53
203
256
329
798
256
1275
256
220
20
236
20
236
256
256
533
256
2300
256
1814
256
438
56
200
256
256
256
319
1025
256
\
259
256
956
256
256
256
256
323
256
747
190
2967
256
256
256
256
2928
256
1304
256
2938
15
241
256
256
256
371
256
7437
256
2290
4
252
4
1787
2048
5971
256
256
256
\
256
5411
256
256
256
256
11741
256
256
256
256
5462
256
256
256
256
2172
256
256
256
768
256
2606
256
256
256
256
1172
256
256
256
256
247
256
131
65
60
131
65
60
\
131
65
60
131
65
191
65
5365
53
203
53
203
53
203
53
203
53
16843
256
256
256
256
274
256
256
256
256
3788
256
5335
256
401
48
208
48
119
136
120
136
267
\
256
53
100
156
24
11
26
5
26
8
14
2
18
1
19
3
7
41
1
27
4
4
15
2
4
9
9
11
1
14
16
14
25
13
8
13
2
2
6
2
\
10
10
8
8
9
9
1
27
4
4
21
943
256
286
310
154
3
99
157
133
6
250
6
172
59
3
119
90
44
3
119
330
790
124
47
5
26
54
124
47
\
5
26
53
119
137
119
116912
311
19297
6971
256
7916
256
31952
1397
2394
1209
5416
104
4048
912
1703
183907
17116
256
877
6
62
34
154
6
42
20
178
256
128
28
110
118
42
\
96
726
256
177
2
94
160
2
94
173
7
4
96
83
40
26
7
4
96
41
42
153
256
122
105
140
11
105
140
111
465
256
179
82
133
9
114
43745
256
27382
\
256
25677
256
1483
256
2326
256
77611
256
11491
256
6512
175
2
79
239
256
698
68
188
56
12
124
67
1
46
1
141
67
1
46
1
188
64
23
41
128
64
23
41
\
143
26
230
701
182
256
90
86
5
165
86
5
136
256
326
256
254
256
320
256
141
256
277
152
104
114
38
1062
178
32
46
178
32
53
48
1
14
57
95
89
\
1
14
57
95
98
134
122
134
242
256
117
154
53
49
154
53
44
79
177
79
147
42
142
72
42
142
70
79
177
79
1350
256
107
26
230
438
35
221
35
16450
\
171
24
61
171
24
159
90
166
90
211
256
222
73
32
151
73
32
118
256
216
175
81
175
247
256
229
25
256
63
256
46
161
22
130
126
130
213
24
50
182
\
24
50
141
256
245
86
41
129
55
671
38
66
141
11
38
207
26
256
161
204883
169
87
1
252
134
122
134
122
147
3
106
147
3
157
193
63
193
12
106
150
\
35
71
358
256
148
256
303
7
153
96
7
233
210
46
178
256
730
99
28
1
128
99
28
190
10
3
243
10
3
148
18
187
69
187
178
51
256
156
53
203
\
53
615555
1906
5943904
2329801
7
2
1758719
223218
16334
21173
10008
3297318
32162
43995940
15195967
2227
21499
2106
13151
3196
1212
2087
24526
1374
4917
2954000
18465012
2
1
2311458
469
32758963
82556694
11836
183
39949
2
52446510
94476724
\
17194
4459163
2925
143
7491
1
3
1
23
1
1
1
37
1
1
36
1
19
8
20
2
1
1
1
1
1
2
1
1
1
1
1
2
2
1
49625009
577
615
9270
18952
\
32631994
1
1
8
3
1
4
2
1
2
2
1
10
2
5
12
7
4
3
4
7
1723243
44988919
2911
2523
477
21948226
11295306
3647352
14388667
6493678
5687375
16333991
21820
1791
774
1881
326
1876
236
\
270
243
90
80
38
9
12
29
402
110
245
18
109
165
845
480
2484
8452619
7700785
35395
14432
205
267
232
128
43
110
777
172
122
881
6757053
893
29123394
1
1
1
1
1
1
\
1
1
1
1
1
1
1
1
1
16658420
32415102
32760
1
3
1
20363578
1
1
1
1
1
1
1
1
1
1
1
1
1
1
1
81
1
1
1
1
1
1
1
1
\
1
1
1
1
1
1
1
1
1
1
1
1
1
1
1
1
1
1
1
1
1
1
1
7060425
28341
2331410
2617582
1
196
2166
2012
1
2
1
1
12293
3632
1
1
1
\
1
1
1
1
1
1
1
1
5811289
2443991
15341
16602842
21260686
16498
1
1
9
24333
497514
6
206225
1464953
11370286
534810
9231734
603
9618
9289
569
15742104
11124
46174965
7147
2
20
2440744
145
487
8600
62847646
\
42
1626
68
5286245
987757
2
169
1
1
1
5619
2
15511995
760
258305
10045182
801
6702
12212943
9033755
16930
850
16650974
1443052
12792909
3259516
8386299
9948498
4174699
21250
371595
13
58
45
9217830
13447833
23285521
1796
1825493
820
\
17401
980441
3783764
2301
76825392
256
4326
256
2833
256
7421
256
256
6
250
6
5873
256
258
256
785
256
89616
422
72568
837
14081
242
299
665
444
969
46
9
947
387
467
220
106
1667
\
942
1465
24
811
774
135
417
560
374
665
1461
518
551
330
1869
1043
361
749
849
153
473
147
1614
158
12368043
1736
1
4
1
5
12
13
12593421
1
1
1
51153
3643206
9494387
893
\
1468
840
21661
117
53
2
15
2
40
10
95
14
21
22
25110482
2
3127414
1157808
1
1
1
1
1
1
1
1
1
1
1
1
1
1
1
2939281
1
21
6797286
265
271
78
\
5
570
123
88
153
112
175
1868
171
278900
4
1
1
1013
1
1
14294725
5381457
3
1079744
18140
1548
2
1
2
1
1
1
2
40952
1879560
1429
8772
41305
20841
1070605
6570
3222507
7251
2880465
\
4979941
657
267346
1
1
2
1
1
1
1
1
1
1
1
1
1
1
1
1
1
1
2
1
1
1
1
2
4
1
1
1
1
1
1
1
1
1
1
2
1
\
1
1
1
1
1
1
1
1
1
1
1
1
1
1
1
1
1
1
1
1
1
1
1
1
1
1
1
1
1
1
1
1
1
1
1
1
1
1
1
1
\
1
1
1
1
1
1
1
2
1
1
2
1
1
1
1
1
1
2
1
1
1
1
1
1
1
1
1
1
1
1
1
1
1
1
1
1
1
1
1
1
\
1
1
1
1
1
1
1
1
1
1
1
1
1
1
1
1
1
1
1
1
1
1
1
1
1
1
1
1
1
1
1
1
1
2
1
1
1
2
1
1
\
1
1
1
1
2
1
1
1
1
1
2
1
1
1
1
1
1
1
1
1
1
1
1
1
1
1
1
1
1
1
1
1
1
1
1
1
1
1
1
1
\
1
1
1
1
1
1
1
1
1
1
1
1
1
1
1
1
1
1
1
1
1
1
1
1
1
1
1
1
1
1
1
1
1
1
1
1
1
1
2
1
\
1
2
1
1
1
1
1
1
1
1
1
1
1
1
3
2
1
2
1
1
1
1
1
1
1
1
1
1
1
1
1
1
1
1
1
1
1
1
1
1
\
1
1
1
1
1
2
1
1
1
2
1
3
1
1
3
1
1
13
1
1
5
1
1
1
1
1
1
1
1
1
1
1
1
1
1
1
1
1
1
1
\
1
1
1
1
1
1
1
1
1
1
1
1
1
1
1
1
1
1
1
1
1
1
1
1
1
1
1
1
1
1
1
1
1
1
1
1
1
1
1
1
\
1
1
1
1
1
1
1
1
1
1
1
1
1
1
1
1
1
1
1
1
1
1
1
1
1
1
1
1
1
1
1
1
1
1
1
1
1
1
1
1
\
1
1
1
1
1
1
1
1
1
1
1
1
1
1
1
1
1
1
1
1
1
1
1
1
1
1
1
1
1
1
1
1
1
1
1
1
1
1
1
1
\
1
1
1
1
1
1
1
1
1
1
1
1
1
1
1
1
1
1
1
1
1
1
1
28
1
1
1
1
1
1
1
1
1
1
1
1
1
1
1
1
\
1
1
1
1
1
1
1
1
1
1
1
1
1
1
1
1
1
1
1
1
1
1
1
1
1
1
1
1
1
1
1
1
1
1
1
1
1
1
1
1
\
1
1
1
1
1
1
1
1
1
1
1
1
1
1
1
1
1
1
1
1
1
1
1
1
1
1
1
1
1
1
1
1
1
1
1
1
1
1
1
2
\
1
1
1
1
1
1
2
12
1
1
1
1
1
1
1
1
1
1
1
1
1
1
1
1
1
1
1
1
2
1
1
1
1
1
1
1
1
1
2
1
\
1
1
1
1
1
1
1
1
1
3
1
1
1
1
1
1
1
1
1
1
3
1
1
1
1
1
1
1
1
1
3
1
1
1
1
1
1
1
1
1
\
1
1
1
1
1
1
1
2
1
1
1
1
1
1
1
1
1
1
1
1
1
1
1
1
1
1
1
1
1
1
1
1
1
1
1
1
1
1
1
1
\
1
1
1
1
1
1
1
1
1
1
1
1
1
1
1
1
1
1
1
1
1
1
1
1
1
1
1
1
1
1
1
1
1
1
1
1
1
1
1
1
\
1
1
1
1
1
1
1
1
1
1
1
1
1
1
1
1
1
1
1
1
1
1
1
1
1
1
1
1
1
1
1
1
1
2
1
1
1
1
1
1
\
1
1
1
1
1
1
1
1
1
2
15
1
1
1
1
1
1
1
1
1
1
1
1
1
1
1
1
1
1
1
1
1
1
1
1
1
1
1
1
1
\
1
1
1
1
1
1
1
1
1
1
1
1
1
1
1
1
1
1
1
1
1
1
1
1
1
1
1
1
1
1
1
1
1
1
1
1
1
1
1
1
\
1
1
1
1
1
1
1
1
1
1
1
1
1
1
1
1
1
1
1
1
1
1
1
1
1
1
1
1
1
1
1
1
1
1
1
1
1
1
1
1
\
1
1
1
1
1
1
1
1
1
1
1
1
1
1
1
1
1
1
1
2
1
1
1
1
1
1
1
1
2
11
1
1
1
1
1
1
1
1
1
1
\
1
1
1
1
1
1
1
1
1
1
1
1
1
1
1
1
1
1
1
1
1
1
1
1
1
1
1
1
1
1
1
1
1
1
1
1
1
1
1
1
\
1
1
1
1
1
1
1
1
1
1
1
1
1
1
1
1
1
1
1
1
1
1
1
1
1
1
1
1
1
1
1
1
1
1
1
1
1
1
1
1
\
1
1
1
1
1
1
1
1
1
1
1
1
1
1
1
1
1
1
1
1
1
1
1
1
1
1
1
1
1
1
1
1
1
1
1
1
1
1
1
1
\
1
1
1
1
1
1
1
1
1
1
1
1
1
1
1
1
1
1
1
1
1
1
1
1
1
1
1
1
1
1
1
1
1
1
1
1
1
1
1
1
\
1
1
1
1
1
1
1
1
1
1
1
1
1
1
1
1
1
1
1
1
1
1
1
1
1
1
1
1
1
1
1
1
1
1
1
1
1
1
1
1
\
1
1
1
1
1
1
1
1
1
1
1
1
1
1
1
1
1
1
1
1
1
1
1
1
1
1
1
1
1
1
1
1
1
1
1
1
1
1
1
1
\
1
1
1
1
1
1
1
1
1
1
1
1
1
1
1
1
1
1
1
1
1
1
1
1
1
1
1
1
1
1
1
1
1
1
1
1
1
1
1
1
\
1
1
1
1
1
1
1
1
1
1
1
1
1
2
1
1
1
1
3
1
1
1
1
1
2
2
1
1
1
1
1
2
1
1
1
1
1
1
1
1
\
1
1
1
2
1
1
1
1
1
1
1
1
1
1
1
1
2
1
1
1
1
1
1
1
1
1
1
1
1
1
1
1
1
1
1
1
1
1
1
1
\
1
6
4
1
1
1
1
1
1
1
1
1
1
1
1
1
1
1
1
1
1
1
1
1
1
1
1
1
1
1
1
1
1
1
1
1
1
1
1
1
\
1
1
1
1
1
1
1
1
1
1
1
1
1
1
1
1
1
1
1
1
1
1
1
1
1
1
1
1
1
1
1
1
1
1
1
1
2
1
1
1
\
1
1
1
1
1
1
1
1
1
1
1
1
1
1
1
1
1
1
1
1
1
1
1
1
1
1
1
1
1
1
1
1
1
1
28
1
1
1
1
1
\
1
1
1
1
1
1
1
1
1
1
1
1
1
1
1
1
1
1
1
1
1
1
1
1
1
1
1
1
1
1
1
1
1
1
1
1
1
1
1
1
\
1
1
1
1
1
1
1
1
1
1
1
244773
10
2
2806007
722
1763
25
5
23
4
4464
454
57
12
44795598
25273206
22326618
1
2
2
1
3
1
2
1
1
4
1
7
\
5
1
1
1
10
1
4
1
1
2357
1
2
1
11
83
2
10
1
1
1
3
1
4381
1
1
1
697
1
1
1
2529
1
1
1
465
1
1
1
5
1
\
1
1
385
1
1
1
673
1
1
1
2081
1
1
1
37
1
1
1
5543149
189203
331158
5
204
137995
248514
92803
476917
50
99756
101386
4359
12025
8
1
1
1
1
597786
49644
11
\
1
19
2
100
380246
347
353721
7
6
2
1
1
2
1
167
30
1
1
1
1
1
1
5
1
1
2
2
1
1
1
1
1
1
2
2
1
8
640
1
1
\
1
5
2
1
1
1
1
1
2
1
2
1
2
3
1
1
2
1
1
1
1
1
1
1
1
1
1
1
1
1
1
1
2
1
1
3
1
1
1
2
\
1
1
3
1
1
2
1
1
2
1
1
1
1
1
2
1
1
6
1
1
1
1
1
2
3
289068
2
37
2
646860
295075
75427
79
61546
1
1
1
1
1
1
\
1
1
1
1
1
1
1
1
1
1
1
1
1
1
1
1
1
1
1
1
1
1
1
1
1
1
1
1
1
1
1
1
1
1
1
1
1
1
1
1
\
1
1
1
1
1
1
1
1
1
1
1
1
1
1
1
1
1
1
1
1
1
1
1
1
1
1
1
1
1
1
1
1
1
1
1
1
1
1
1
1
\
1
1
1
1
1
1
1
1
1
1
1
1
1
1
1
1
1
1
1
1
1
1
1
1
1
1
1
1
1
1
1
1
1
1
1
1
1
1
1
1
\
1
1
1
1
1
1
1
1
1
1
1
1
1
1
1
1
1
1
1
1
1
1
1
1
1
1
1
1
1
1
1
1
1
1
1
1
1
1
1
1
\
1
1
1
1
1
1
1
1
1
1
1
1
1
1
1
1
1
1
1
1
1
1
1
1
1
1
1
1
1
1
1
1
1
1
1
1
1
1
1
1
\
1
1
1
1
1
1
1
1
1
1
1
1
1
1
1
1
1
1
1
1
1
1
1
1
1
1
1
1
1
1
1
1
1
1
1
1
1
1
1
1
\
1
1
1
1
1
1
1
1
1
2
1
1
1
1
1
1
1
1
1
1
1
1
1
1
1
1
1
1
1
1
1
1
1
1
1
1
1
1
1
1
\
1
1
1
1
1
1
1
1
1
1
1
1
1
1
1
1
1
1
1
1
1
1
1
1
1
1
1
1
1
1
1
1
1
1
1
1
1
1
1
1
\
1
1
1
1
1
1
1
1
1
1
1
1
1
1
1
1
1
1
1
1
1
1
1
1
1
1
1
1
1
1
1
1
1
1
1
1
1
1
1
1
\
1
1
1
1
1
1
1
1
1
1
1
1
1
1
1
1
1
1
1
1
1
1
1
1
1
1
1
1
1
1
1
1
1
1
1
1
1
1
1
1
\
1
1
1
1
1
1
1
1
1
1
1
1
1
1
1
1
1
1
1
1
1
1
1
1
1
1
1
1
1
1
1
1
1
1
1
1
1
1
1
1
\
1
1
1
1
1
1
1
1
1
1
1
1
1
1
1
1
1
1
1
1
1
1
1
1
1
1
1
1
1
1
1
1
1
1
1
1
1
1
1
1
\
1
1
1
1
1
1
1
1
1
1
1
1
1
1
1
1
1
1
1
1
1
1
1
1
13
2
3
4
2
2
1
1
1
1
1
1
1
1
1
3
\
5
5
81
1
21
122
2
1
1
1
1
2
1
1
1
39454
38
8
311
702926
138
9513
76788
4
9
5
1
22
11
18
1492
8
213140
4
2
2
1
2
4
4
\
237
6
1
1
7
4
31498
65461
646023
189874
293423
10
249
8
262
243
373081
137228
35
43
98
6
64
1192322
597350
112836
169
813388
522603
824
247356
420222
145
151137
8970
143356
127785
20
452480
645271
\
8
636364
1
101983
457695
233054
1395074
146
405504
232779
121
419723
4
19
3
43
5
3
7
3
10
3
1
5
2
11
7
36281930
151619
1
2
1
1
1
1
1
1
1
1
69
\
2
1
4
1713
1
28
75
4969
6
2
2
8
3
35
7
3
85
2
9
19
25
5
77
13
3
7
30
177
1
57
1
10
1
1
13
116
2
1
16
1
\
1
4
9
1
6
1
97
37
3
1
13
1
7
1
527
1
824
1
1
1
3
1
28
2
1
171
100
8
1
1
2
5
2
4
5
6
12
2
28
11
\
8
1
6
2
1
1960995
2840915
574652
1
1
1
1
1
1
1
1
1
1
1
1
1
1
1
2
1
1
1
1
1
1
1
1
1
64
147
2
1
1
1
1
\
96
2
3
4
1
1
1
1
1
1
1
1
1
1
1
1
1
1
1
1
1
1
1
1
1
1
125
175
1880
39
1
1
1
1
1
1
2
1
1
1
\
1
1
1
1
1
1
1
1
2
3
1
1
1
1
1
1
1
1
1
1
1
1
1
1
36
1
1
2624230
1001
1330
10253
28930
23808
2632
573
19043
3258
4551
516
803
\
1434
223
100
118
2015
494
233
49
346
12414
3927818
4999
62802
1
1
514643
18280527
3
1
3927
6230341
7
531911
610655
15896974
442
16608785
8561249
1
1
9942
4217351
276261
1821250
38
5
3
2333809
18723
134
\
16121
96
193330
145510
5920627
2073444
332788
3258059
3677250
3073768
884
1330
4085225
5
2
2336152
1680896
1128110
3429451
658133
1
2
2
2707055
1987216
1818183
520541
1243436
13
1
1
179674
2245326
1
9
1
1
1
1
13
\
1
1
1
1
1
1
1
1
1
1
1
1
1
1
1
1
1
1
6
1
1
1
2
1
1
1
1
1
1
11
1
1
1
1
2
1
1
11
1
2
\
1
1
1
1
1
11
1
1
3
1
1
1
1
14
1
2
1
1
1
1
1
2
16
1
11
1
3
1
1
1
1
1
1
1
1
1
1
1
1
4
\
1
2
4
1
2
1
1
1
1
1
1
1
2
1
1
1
1
1
1
1
1
2
1
1
1
1
2
1
2
35284009
1835048
668555
1
1
1
5898881
1533715
9704253
21013925
60
\
49020296
2569
1
19
1
35360481
7836082
484
559
765
3790783
4
66818
644
28
1
2
15
26
4
1
22
18
33
3
16
1
3
4
2
6
19
1
7000386
1806467
25160
2238448
3
1
12266539
\
279
363
10869
8
5862096
34169
6742047
380976
13185048
9523024
3256700
768
35005198
1340522
352
1515
156
45
913
358068
195904
1
3
1
3510698
1105497
1
1
472421
1
1
1
1
1
1
1
1
1
1
1
\
1
2
2
1
1
3
1
1
2
2
1
1
1
3
1
1
1
1
2
1
1
1
1
1
1
1
1
1
1
1
1
1
1
1
1
2
1
1
1
1
\
1
1
1
2
1
1
2
1
1
1
1
2
1
1
1
2
1
1
1
1
1
1
1
1
2
1
1
1
1
1
1
1
2
1
1
2
1
2
1
1
\
3
1
1
1
1
1
1
1
1
1
1
1
2
1
1
1
1
2
1
1
1
1
2
1
1
1
1
2
3
1
1
2
2
1
3
1
2
1
1
1
\
1
3
3
1
1
1
1
1
1
1
1
1
1
1
1
1
1
1
1
1
1
1
1
1
1
2
1
1
1
1
1
1
1
1
1
1
5
1
1
1
\
1
1
2
1
1
1
2
1
1
1
1
1
1
3
2
3
1
2
1
1
1
1
1
1
1
1
1
1
1
1
1
1
1
1
1
1
1
1
1
1
\
2
2
1
2
1
1
1
1
1
1
1
1
2
1
1
1
2
1
1
1
1
5
1
1
1
1
1
1
1
1
1
1
1
1
1
1
1
1
1
1
\
1
1
1
1
1
1
2
2
2
1
1
2
1
2
1
2
1
1
1
1
1
1
1
1
1
1
1
1
1
1
1
1
1
1
1
1
1
1
1
1
\
1
1
2
1
1
2
1
1
1
4
2
3
3
1
1
1
7
1
1
1
1
1
1
1
1
1
2
2
1
1
3
1
1
1
1
1
2
2
1
1
\
1
1
3
1
1
2
1
1
1
1
2
4
3
3
2
1
3
1
1
1
1
1
1
1
1
1
1
1
1
1
1
3
1
1
1
1
3
1
1
1
\
1
1
1
1
1
1
1
1
2
1
1
2
3
171640
7293504
161
824626
3369735
5198188
1606300
1966301
280
124
1105668
39
4
18
8
3
181
2425
78
3276
1
846446
660
438074
4
12
2
\
1200
1533261
739
32
17
210201
35943254
16892896
71604
4
1
87
3543
585
665224
3126581
7302886
19157
\
